220
1_80 2_80 3_80 4_80 5_80 6_80 7_80 8_80 9_80 10_80 11_80 12_80 13_80 14_80 15_80 16_80 17_80 18_80 19_80 20_80 21_90 22_80 23_80 24_80 25_80 26_80 27_80 28_80 29_80 30_80 31_80 32_80 33_80 34_80 35_80 36_80 37_80 38_80 39_80 40_80 41_80 42_80 43_80 44_80 45_80 46_80 47_80 48_80 49_80 50_80 51_80 52_60 53_80 54_80 55_80 56_80 57_80 58_80 59_80 60_80 61_80 62_80 63_80 64_80 65_80 66_80 67_80 68_80 69_80 70_80 71_80 72_80 73_80 74_80 75_80 76_80 77_80 78_80 79_80 80_80 81_80 82_80 83_80 84_80 85_80 86_80 87_80 88_80 89_80 90_80 91_80 92_80 93_80 94_80 95_80 96_80 97_90 98_80 99_80 100_80 101_80 102_80 103_80 104_80 105_80 106_80 107_80 108_80 109_80 110_80 111_80 112_80 113_80 114_80 115_90 116_80 117_80 118_80 119_80 120_80 121_80 122_80 123_80 124_80 125_80 126_80 127_80 128_80 129_80 130_60 131_80 132_80 133_80 134_80 135_80 136_80 137_80 138_80 139_70 140_80 141_80 142_50 143_80 144_80 145_80 146_80 147_80 148_40 149_80 150_80 151_80 152_80 153_80 154_80 155_80 156_80 157_80 158_80 159_80 160_80 161_80 162_80 163_80 164_80 165_80 166_80 167_80 168_80 169_80 170_90 171_80 172_80 173_80 174_80 175_80 176_60 177_80 178_80 179_80 180_80 181_80 182_80 183_80 184_80 185_80 186_80 187_80 188_80 189_85 190_80 191_80 192_80 193_80 194_80 195_80 196_80 197_80 198_80 199_80 200_80 201_80 202_80 203_80 204_80 205_80 206_80 207_80 208_80 209_80 210_80 211_80 212_80 213_80 214_80 215_80 216_80 217_80 218_80 219_80 220_80 
1256
1 56
1 29
1 32
1 104
1 80
1 43
1 77
1 114
1 91
1 117
1 4
2 60
2 61
2 46
3 97
3 116
3 45
3 66
4 1
4 27
4 123
4 106
4 9
4 39
4 40
5 66
5 75
5 37
5 19
5 98
5 32
5 28
5 56
5 58
5 7
5 87
6 117
6 115
6 108
6 12
6 65
6 64
6 7
6 43
7 5
7 6
7 74
7 89
7 51
7 29
7 133
7 55
7 134
7 76
8 98
8 60
8 75
9 4
9 17
9 134
9 124
10 123
10 41
10 26
10 94
10 89
10 69
10 135
11 14
11 116
11 101
11 107
11 48
11 97
11 70
11 66
12 6
12 54
12 116
12 113
12 110
12 86
12 105
12 126
12 56
12 48
13 63
13 134
13 143
13 117
13 144
13 75
13 108
13 145
13 76
13 119
13 28
13 61
13 14
14 11
14 13
14 54
14 87
14 114
14 146
14 154
15 104
15 70
15 100
15 140
15 49
16 106
16 113
16 129
16 39
16 30
16 144
17 9
17 53
17 27
17 40
17 83
18 120
18 32
18 135
19 5
19 140
19 143
19 73
19 128
19 122
19 131
19 28
19 62
20 91
20 39
20 88
20 31
20 51
20 85
20 125
20 105
21 137
21 48
21 68
21 138
21 73
22 123
22 100
22 77
22 145
22 56
23 113
23 64
23 119
23 103
23 102
23 75
23 48
23 148
24 139
24 73
24 147
25 67
25 63
25 146
25 40
25 61
26 10
26 27
27 4
27 17
27 26
27 130
27 75
27 30
28 5
28 13
28 19
28 85
28 96
28 64
28 43
28 97
28 100
28 104
29 1
29 7
29 98
29 119
29 67
29 48
30 16
30 27
30 113
30 41
31 20
31 128
31 89
31 62
31 114
32 1
32 5
32 18
32 127
32 86
32 58
32 90
33 77
33 57
33 98
34 38
34 66
34 137
35 74
35 37
35 150
35 77
35 81
35 70
35 86
36 85
36 89
36 41
36 37
37 5
37 35
37 36
37 132
37 145
37 128
38 34
38 146
38 47
38 83
38 114
38 144
39 4
39 16
39 20
39 116
39 59
39 65
39 69
40 4
40 17
40 25
40 95
40 72
40 68
40 90
41 10
41 30
41 36
41 141
41 46
41 94
42 132
42 110
42 109
42 135
42 49
42 100
43 1
43 6
43 28
43 116
43 101
43 46
43 117
43 80
43 84
44 81
44 136
45 3
45 57
45 70
45 140
45 56
45 91
45 150
46 2
46 41
46 43
46 148
46 116
46 136
46 51
46 121
47 38
47 105
47 146
47 66
47 90
47 131
48 11
48 12
48 21
48 23
48 29
48 94
48 102
48 89
49 15
49 42
49 121
50 100
50 115
50 83
50 90
50 56
50 125
50 143
50 95
51 7
51 20
51 46
51 115
51 68
51 114
51 123
51 55
51 98
52 134
52 101
53 17
53 133
53 79
53 75
53 126
54 12
54 14
54 100
54 148
54 57
54 121
54 122
54 108
54 103
54 115
55 7
55 51
55 137
55 68
55 73
56 1
56 5
56 12
56 22
56 45
56 50
56 69
56 110
56 134
56 135
56 129
57 33
57 45
57 54
57 58
57 63
57 93
57 60
57 91
57 135
57 73
57 140
58 5
58 32
58 57
58 114
58 147
59 39
59 86
59 140
59 123
59 93
59 70
59 143
59 129
60 2
60 8
60 57
60 100
60 105
60 87
60 65
61 2
61 13
61 25
61 113
61 69
61 77
62 19
62 31
62 138
63 13
63 25
63 57
63 110
63 94
63 127
63 66
63 73
63 105
64 6
64 23
64 28
64 142
64 95
64 85
65 6
65 39
65 60
65 94
65 113
65 83
65 126
65 73
66 3
66 5
66 11
66 34
66 47
66 63
66 147
66 133
66 71
67 25
67 29
67 128
67 133
67 89
67 136
68 21
68 40
68 51
68 55
68 86
69 10
69 39
69 56
69 61
69 148
69 118
70 11
70 15
70 35
70 45
70 59
71 66
71 142
71 84
72 40
73 19
73 21
73 24
73 55
73 57
73 63
73 65
73 76
73 93
73 117
73 124
74 7
74 35
74 115
75 5
75 8
75 13
75 23
75 27
75 53
75 100
75 146
75 87
75 141
75 176
76 7
76 13
76 73
76 132
76 134
76 147
77 1
77 22
77 33
77 35
77 61
77 113
77 119
77 142
77 121
77 135
78 103
78 102
78 124
78 108
78 120
78 99
78 90
78 143
78 133
79 53
79 128
79 125
79 129
80 1
80 43
80 106
80 86
80 118
81 35
81 44
81 132
82 128
83 17
83 38
83 50
83 65
83 90
83 112
84 43
84 71
84 90
84 102
85 20
85 28
85 36
85 64
85 143
85 150
85 92
86 12
86 32
86 35
86 59
86 68
86 80
86 129
86 146
86 120
87 5
87 14
87 60
87 75
87 118
88 20
88 123
89 7
89 10
89 31
89 36
89 48
89 67
89 106
90 32
90 40
90 47
90 50
90 78
90 83
90 84
90 123
90 146
90 124
90 128
91 1
91 20
91 45
91 57
91 107
91 133
91 136
91 109
92 85
92 121
92 114
92 130
93 57
93 59
93 73
93 119
93 127
93 104
93 139
94 10
94 41
94 48
94 63
94 65
94 111
94 120
94 115
94 136
94 107
95 40
95 50
95 64
96 28
96 104
96 133
96 101
97 3
97 11
97 28
97 138
97 120
97 127
98 5
98 8
98 29
98 33
98 51
98 99
98 102
98 123
99 78
99 98
99 101
99 147
99 110
99 102
100 15
100 22
100 28
100 42
100 50
100 54
100 60
100 75
100 120
100 147
100 131
101 11
101 43
101 52
101 96
101 99
101 134
101 136
101 189
102 23
102 48
102 78
102 84
102 98
102 99
102 139
102 128
103 23
103 54
103 78
103 114
103 126
103 138
103 130
104 1
104 15
104 28
104 93
104 96
104 140
104 126
105 12
105 20
105 47
105 60
105 63
105 113
105 106
105 146
105 112
106 4
106 16
106 80
106 89
106 105
106 108
107 11
107 91
107 94
107 125
107 130
107 144
108 6
108 13
108 54
108 78
108 106
109 42
109 91
109 133
110 12
110 42
110 56
110 63
110 99
110 118
110 140
110 111
111 94
111 110
111 144
112 83
112 105
112 122
113 12
113 16
113 23
113 30
113 61
113 65
113 77
113 105
113 148
113 125
114 1
114 14
114 31
114 38
114 51
114 58
114 92
114 103
115 6
115 50
115 51
115 54
115 74
115 94
115 123
116 3
116 11
116 12
116 39
116 43
116 46
116 122
117 1
117 6
117 13
117 43
117 73
117 123
117 141
118 69
118 80
118 87
118 110
119 13
119 23
119 29
119 77
119 93
119 123
120 18
120 78
120 86
120 94
120 97
120 100
120 143
121 46
121 49
121 54
121 77
121 92
121 134
121 123
122 19
122 54
122 112
122 116
122 144
122 124
123 4
123 10
123 22
123 51
123 59
123 88
123 90
123 98
123 115
123 117
123 119
123 121
123 146
123 136
123 137
124 9
124 73
124 78
124 90
124 122
124 150
124 126
124 141
125 20
125 50
125 79
125 107
125 113
125 137
125 147
126 12
126 53
126 65
126 103
126 104
126 124
126 149
127 32
127 63
127 93
127 97
127 128
128 19
128 31
128 37
128 67
128 79
128 82
128 90
128 102
128 127
129 16
129 56
129 59
129 79
129 86
129 149
129 137
129 136
130 27
130 92
130 103
130 107
130 149
130 136
130 140
131 19
131 47
131 100
131 133
132 37
132 42
132 76
132 81
133 7
133 53
133 66
133 67
133 78
133 91
133 96
133 109
133 131
133 135
133 134
134 7
134 9
134 13
134 52
134 56
134 76
134 101
134 121
134 133
134 143
135 10
135 18
135 42
135 56
135 57
135 77
135 133
136 44
136 46
136 67
136 91
136 94
136 101
136 123
136 129
136 130
136 143
137 21
137 34
137 55
137 123
137 125
137 129
137 140
138 21
138 62
138 97
138 103
139 24
139 93
139 102
140 15
140 19
140 45
140 57
140 59
140 104
140 110
140 130
140 137
140 145
140 143
141 41
141 75
141 117
141 124
141 148
142 64
142 71
142 77
143 13
143 19
143 50
143 59
143 78
143 85
143 120
143 134
143 136
143 140
144 13
144 16
144 38
144 107
144 111
144 122
145 13
145 22
145 37
145 140
145 148
146 14
146 25
146 38
146 47
146 75
146 86
146 90
146 105
146 123
147 24
147 58
147 66
147 76
147 99
147 100
147 125
148 23
148 46
148 54
148 69
148 113
148 141
148 145
149 126
149 129
149 130
150 35
150 45
150 85
150 124
151 190
151 206
151 171
151 220
151 186
151 164
152 182
152 214
152 199
153 192
153 169
153 210
153 173
154 202
154 199
154 211
154 14
155 181
155 205
155 163
156 181
157 217
157 193
157 175
157 165
158 184
158 176
158 214
159 188
159 212
159 169
159 166
160 183
160 168
161 173
162 207
162 189
162 208
162 163
162 173
162 185
163 162
163 201
163 155
164 190
164 173
164 151
165 207
165 157
165 213
166 211
166 204
166 186
166 159
166 208
166 205
166 219
166 213
167 191
168 160
168 210
168 206
169 181
169 214
169 211
169 153
169 159
170 206
170 189
170 172
171 151
172 204
172 177
172 205
172 214
172 170
173 205
173 176
173 153
173 164
173 162
173 161
173 184
174 198
174 180
175 214
175 211
175 157
175 180
176 158
176 187
176 183
176 173
176 220
176 196
176 75
177 182
177 172
177 197
177 210
177 200
177 181
178 182
179 206
179 180
180 174
180 175
180 200
180 185
180 179
180 199
181 169
181 155
181 156
181 191
181 187
181 177
182 177
182 152
182 208
182 178
183 160
183 200
183 176
184 158
184 198
184 173
185 195
185 187
185 180
185 206
185 189
185 162
186 166
186 197
186 198
186 151
187 185
187 176
187 198
187 205
187 181
187 202
187 210
188 159
188 213
189 199
189 162
189 185
189 170
189 101
190 151
190 164
190 206
191 167
191 218
191 220
191 181
191 212
192 153
192 202
192 214
193 207
193 157
193 202
194 199
194 201
195 185
195 214
195 198
196 219
196 201
196 176
196 202
196 215
197 200
197 177
197 186
198 219
198 174
198 184
198 187
198 195
198 186
198 200
199 189
199 213
199 194
199 154
199 152
199 180
200 197
200 183
200 180
200 203
200 177
200 198
201 194
201 163
201 208
201 196
201 210
202 212
202 154
202 192
202 187
202 193
202 196
202 214
203 204
203 200
204 214
204 172
204 166
204 203
204 220
205 209
205 172
205 173
205 187
205 166
205 155
205 216
206 218
206 151
206 179
206 170
206 185
206 190
206 168
207 193
207 165
207 162
208 182
208 214
208 162
208 166
208 201
209 205
210 177
210 153
210 212
210 168
210 187
210 201
211 166
211 175
211 169
211 154
212 202
212 159
212 210
212 191
213 188
213 199
213 166
213 165
213 217
214 204
214 169
214 175
214 195
214 208
214 158
214 152
214 172
214 202
214 192
215 196
216 218
216 205
217 157
217 213
218 206
218 216
218 191
219 196
219 198
219 166
220 191
220 151
220 176
220 204
