150
1_80 2_80 3_80 4_80 5_80 6_80 7_80 8_80 9_80 10_80 11_80 12_80 13_80 14_80 15_80 16_80 17_80 18_80 19_80 20_80 21_90 22_80 23_80 24_80 25_80 26_80 27_80 28_80 29_80 30_80 31_80 32_80 33_80 34_80 35_80 36_80 37_80 38_80 39_80 40_80 41_80 42_80 43_80 44_80 45_80 46_80 47_80 48_80 49_80 50_80 51_80 52_60 53_80 54_80 55_80 56_80 57_80 58_80 59_80 60_80 61_80 62_80 63_80 64_80 65_80 66_80 67_80 68_80 69_80 70_80 71_80 72_80 73_80 74_80 75_80 76_80 77_80 78_80 79_80 80_80 81_80 82_80 83_80 84_80 85_80 86_80 87_80 88_80 89_80 90_80 91_80 92_80 93_80 94_80 95_80 96_80 97_90 98_80 99_80 100_80 101_80 102_80 103_80 104_80 105_80 106_80 107_80 108_80 109_80 110_80 111_80 112_80 113_80 114_80 115_90 116_80 117_80 118_80 119_80 120_80 121_80 122_80 123_80 124_80 125_80 126_80 127_80 128_80 129_80 130_60 131_80 132_80 133_80 134_80 135_80 136_80 137_80 138_80 139_70 140_80 141_80 142_80 143_80 144_80 145_80 146_80 147_80 148_40 149_80 150_80 
970
1 56
1 29
1 32
1 104
1 80
1 43
1 77
1 114
1 91
1 117
1 4
2 60
2 61
2 46
3 97
3 116
3 45
3 66
4 27
4 123
4 106
4 9
4 39
4 1
4 40
5 66
5 75
5 37
5 19
5 98
5 32
5 28
5 56
5 58
5 7
5 87
6 117
6 115
6 108
6 12
6 65
6 64
6 7
6 43
7 74
7 89
7 51
7 29
7 133
7 5
7 6
7 55
7 134
7 76
8 98
8 60
8 75
9 17
9 134
9 124
9 4
10 123
10 41
10 26
10 94
10 89
10 69
10 135
11 14
11 116
11 101
11 107
11 48
11 97
11 70
11 66
12 54
12 116
12 113
12 110
12 6
12 86
12 105
12 126
12 56
12 48
13 63
13 134
13 143
13 117
13 144
13 75
13 108
13 145
13 76
13 119
13 28
13 61
13 14
14 11
14 54
14 87
14 114
14 146
14 13
15 104
15 70
15 100
15 140
15 49
16 106
16 113
16 129
16 39
16 30
16 144
17 9
17 53
17 27
17 40
17 83
18 120
18 32
18 135
19 140
19 5
19 143
19 73
19 128
19 122
19 131
19 28
19 62
20 91
20 39
20 88
20 31
20 51
20 85
20 125
20 105
21 137
21 48
21 68
21 138
21 73
22 123
22 100
22 77
22 145
22 56
23 113
23 64
23 119
23 103
23 102
23 75
23 48
23 148
24 139
24 73
24 147
25 67
25 63
25 146
25 40
25 61
26 27
26 10
27 4
27 130
27 17
27 75
27 26
27 30
28 85
28 96
28 64
28 43
28 5
28 97
28 13
28 100
28 19
28 104
29 98
29 1
29 119
29 67
29 7
29 48
30 16
30 27
30 113
30 41
31 128
31 89
31 20
31 62
31 114
32 127
32 18
32 1
32 5
32 86
32 58
32 90
33 77
33 57
33 98
34 38
34 66
34 137
35 74
35 37
35 150
35 77
35 81
35 70
35 86
36 85
36 89
36 41
36 37
37 35
37 5
37 132
37 36
37 145
37 128
38 146
38 34
38 47
38 83
38 114
38 144
39 20
39 16
39 116
39 59
39 65
39 69
39 4
40 95
40 72
40 68
40 17
40 90
40 25
40 4
41 10
41 141
41 46
41 94
41 36
41 30
42 132
42 110
42 109
42 135
42 49
42 100
43 116
43 101
43 28
43 1
43 46
43 117
43 80
43 84
43 6
44 81
44 136
45 57
45 70
45 140
45 3
45 56
45 91
45 150
46 148
46 116
46 136
46 51
46 41
46 121
46 43
46 2
47 105
47 146
47 38
47 66
47 90
47 131
48 21
48 94
48 11
48 29
48 102
48 12
48 23
48 89
49 121
49 15
49 42
50 100
50 115
50 83
50 90
50 56
50 125
50 143
50 95
51 46
51 115
51 68
51 20
51 114
51 7
51 123
51 55
51 98
52 134
52 101
53 17
53 133
53 79
53 75
53 126
54 100
54 12
54 148
54 14
54 57
54 121
54 122
54 108
54 103
54 115
55 137
55 51
55 68
55 7
55 73
56 69
56 1
56 110
56 134
56 50
56 5
56 22
56 12
56 45
56 135
56 129
57 58
57 45
57 63
57 93
57 54
57 33
57 60
57 91
57 135
57 73
57 140
58 57
58 114
58 147
58 5
58 32
59 86
59 140
59 123
59 93
59 70
59 39
59 143
59 129
60 100
60 105
60 57
60 2
60 87
60 65
60 8
61 113
61 2
61 69
61 77
61 25
61 13
62 31
62 138
62 19
63 110
63 13
63 25
63 94
63 57
63 127
63 66
63 73
63 105
64 142
64 28
64 95
64 23
64 6
64 85
65 94
65 113
65 6
65 60
65 83
65 126
65 73
65 39
66 5
66 147
66 34
66 63
66 133
66 47
66 71
66 11
66 3
67 25
67 128
67 133
67 29
67 89
67 136
68 86
68 51
68 40
68 21
68 55
69 56
69 148
69 61
69 118
69 10
69 39
70 45
70 11
70 59
70 15
70 35
71 142
71 84
71 66
72 40
73 24
73 76
73 19
73 93
73 117
73 124
73 63
73 65
73 57
73 21
73 55
74 7
74 35
74 115
75 5
75 100
75 146
75 27
75 13
75 87
75 23
75 141
75 53
75 8
76 73
76 132
76 13
76 134
76 147
76 7
77 33
77 113
77 22
77 35
77 119
77 1
77 61
77 142
77 121
77 135
78 103
78 102
78 124
78 108
78 120
78 99
78 90
78 143
78 133
79 53
79 128
79 125
79 129
80 106
80 1
80 43
80 86
80 118
81 132
81 44
81 35
82 128
83 50
83 38
83 90
83 65
83 112
83 17
84 90
84 102
84 71
84 43
85 28
85 143
85 36
85 20
85 150
85 92
85 64
86 59
86 68
86 129
86 12
86 32
86 146
86 120
86 80
86 35
87 118
87 14
87 75
87 60
87 5
88 20
88 123
89 7
89 31
89 36
89 67
89 10
89 48
89 106
90 123
90 146
90 84
90 50
90 83
90 124
90 40
90 128
90 47
90 78
90 32
91 107
91 133
91 20
91 136
91 109
91 57
91 1
91 45
92 121
92 114
92 130
92 85
93 119
93 57
93 127
93 104
93 73
93 139
93 59
94 65
94 111
94 63
94 48
94 41
94 10
94 120
94 115
94 136
94 107
95 40
95 64
95 50
96 28
96 104
96 133
96 101
97 3
97 138
97 28
97 120
97 11
97 127
98 8
98 29
98 99
98 5
98 33
98 51
98 102
98 123
99 101
99 98
99 147
99 110
99 78
99 102
100 60
100 50
100 22
100 120
100 54
100 75
100 147
100 131
100 15
100 28
100 42
101 99
101 11
101 43
101 52
101 96
101 134
101 136
102 78
102 84
102 23
102 48
102 139
102 128
102 99
102 98
103 78
103 114
103 126
103 138
103 23
103 54
103 130
104 140
104 15
104 126
104 96
104 1
104 93
104 28
105 47
105 113
105 106
105 60
105 12
105 20
105 146
105 112
105 63
106 16
106 80
106 105
106 4
106 108
106 89
107 91
107 125
107 11
107 130
107 94
107 144
108 6
108 13
108 78
108 54
108 106
109 133
109 42
109 91
110 63
110 118
110 140
110 56
110 12
110 42
110 99
110 111
111 144
111 94
111 110
112 122
112 83
112 105
113 23
113 16
113 77
113 105
113 12
113 148
113 61
113 65
113 125
113 30
114 58
114 103
114 51
114 38
114 92
114 14
114 1
114 31
115 6
115 50
115 51
115 123
115 94
115 54
115 74
116 11
116 43
116 46
116 3
116 12
116 39
116 122
117 123
117 6
117 13
117 73
117 43
117 141
117 1
118 110
118 87
118 69
118 80
119 93
119 123
119 23
119 29
119 77
119 13
120 143
120 100
120 18
120 97
120 94
120 78
120 86
121 92
121 134
121 54
121 46
121 123
121 49
121 77
122 144
122 112
122 19
122 54
122 116
122 124
123 90
123 146
123 117
123 10
123 119
123 22
123 115
123 136
123 59
123 51
123 88
123 4
123 121
123 137
123 98
124 150
124 78
124 90
124 73
124 126
124 141
124 9
124 122
125 107
125 20
125 113
125 137
125 50
125 79
125 147
126 149
126 104
126 103
126 12
126 124
126 65
126 53
127 32
127 93
127 63
127 97
127 128
128 31
128 67
128 19
128 102
128 90
128 79
128 37
128 82
128 127
129 149
129 16
129 86
129 137
129 136
129 59
129 79
129 56
130 27
130 149
130 136
130 107
130 92
130 103
130 140
131 133
131 100
131 19
131 47
132 37
132 81
132 42
132 76
133 91
133 135
133 131
133 67
133 109
133 96
133 53
133 66
133 7
133 134
133 78
134 52
134 13
134 121
134 143
134 56
134 101
134 76
134 9
134 133
134 7
135 133
135 56
135 57
135 42
135 77
135 18
135 10
136 46
136 123
136 143
136 91
136 130
136 94
136 67
136 129
136 44
136 101
137 21
137 140
137 129
137 55
137 125
137 34
137 123
138 97
138 103
138 62
138 21
139 24
139 93
139 102
140 104
140 110
140 19
140 137
140 45
140 59
140 145
140 143
140 15
140 57
140 130
141 148
141 41
141 124
141 75
141 117
142 64
142 71
142 77
143 120
143 85
143 13
143 19
143 134
143 136
143 140
143 59
143 78
143 50
144 111
144 13
144 122
144 38
144 107
144 16
145 140
145 13
145 148
145 22
145 37
146 123
146 90
146 38
146 47
146 75
146 14
146 25
146 105
146 86
147 24
147 66
147 100
147 99
147 58
147 76
147 125
148 46
148 141
148 54
148 69
148 113
148 145
148 23
149 129
149 126
149 130
150 124
150 35
150 85
150 45
