60
1_60 2_60 3_60 4_80 5_80 6_60 7_60 8_60 9_60 10_80 11_60 12_60 13_90 14_60 15_60 16_60 17_60 18_60 19_60 20_60 21_90 22_60 23_60 24_60 25_60 26_40 27_60 28_60 29_75 30_60 31_60 32_60 33_60 34_60 35_60 36_60 37_50 38_85 39_95 40_60 41_80 42_80 43_90 44_80 45_80 46_80 47_80 48_85 49_80 50_80 51_85 52_80 53_80 54_80 55_80 56_80 57_80 58_80 59_95 60_80 
350
1 23
1 22
1 5
1 30
1 29
2 13
2 9
2 35
2 29
2 30
2 20
2 37
2 4
3 17
3 18
3 19
3 33
3 35
3 15
4 2
4 16
4 31
4 26
5 1
5 8
5 33
5 20
5 36
5 29
6 27
6 38
6 23
6 30
6 15
6 32
6 8
6 17
6 10
7 23
7 8
7 34
7 31
7 24
7 16
7 28
7 44
8 5
8 6
8 7
9 2
9 18
9 38
9 17
10 6
10 15
11 15
12 18
12 31
13 2
13 18
13 17
13 19
13 24
13 31
13 32
14 32
14 31
14 28
14 53
14 59
15 3
15 6
15 10
15 11
15 18
15 38
15 29
15 35
16 4
16 7
16 27
16 23
16 31
16 28
16 21
17 3
17 6
17 9
17 13
17 31
17 40
17 28
17 32
17 36
18 3
18 9
18 12
18 13
18 15
19 3
19 13
19 24
19 26
20 2
20 5
20 35
20 28
21 16
21 22
21 39
21 33
21 40
21 23
22 1
22 21
22 24
22 34
23 1
23 6
23 7
23 16
23 21
23 24
24 7
24 13
24 19
24 22
24 23
25 40
25 34
26 4
26 19
26 39
26 29
26 28
27 6
27 16
28 7
28 14
28 16
28 17
28 20
28 26
28 32
29 1
29 2
29 5
29 15
29 26
30 1
30 2
30 6
30 35
30 38
30 33
30 39
31 4
31 7
31 12
31 13
31 14
31 16
31 17
32 6
32 13
32 14
32 17
32 28
33 3
33 5
33 21
33 30
33 40
34 7
34 22
34 25
35 2
35 3
35 15
35 20
35 30
35 38
35 37
36 5
36 17
37 2
37 35
38 6
38 9
38 15
38 30
38 35
39 21
39 26
39 30
39 40
40 17
40 21
40 25
40 33
40 39
41 46
41 53
41 44
41 55
41 52
41 56
41 43
41 48
41 49
42 52
42 53
42 51
42 48
42 59
42 56
43 41
43 57
43 49
43 60
43 47
43 51
43 50
44 7
44 41
44 46
44 50
44 53
44 52
45 49
45 55
46 41
46 44
46 47
46 50
46 49
46 55
46 57
47 43
47 46
47 53
47 55
47 60
47 48
47 54
47 59
47 51
48 41
48 42
48 47
48 49
48 52
48 59
48 50
48 60
48 57
48 54
49 41
49 43
49 45
49 46
49 48
49 59
49 58
49 52
49 54
49 50
49 55
50 43
50 44
50 46
50 48
50 49
50 51
50 55
50 52
50 56
50 58
51 42
51 43
51 47
51 50
51 59
51 56
52 41
52 42
52 44
52 48
52 49
52 50
52 56
52 58
53 14
53 41
53 42
53 44
53 47
53 58
54 47
54 48
54 49
54 58
54 59
55 41
55 45
55 46
55 47
55 49
55 50
55 57
55 58
55 59
55 56
56 41
56 42
56 50
56 51
56 52
56 55
56 57
56 59
57 43
57 46
57 48
57 55
57 56
57 58
57 60
58 49
58 50
58 52
58 53
58 54
58 55
58 57
59 14
59 42
59 47
59 48
59 49
59 51
59 54
59 55
59 56
59 60
60 43
60 47
60 48
60 57
60 59
